0.5
1.0
0.55
0.6
0.3333333333333333
0.6
0.6190476190476191
0.4
0.4666666666666667
0.631578947368421
0.5454545454545454
0.0
0.0
0.0
0.0 0.5 0.5 0.5 1.0 0.0 0.25 0.5 0.5 0.5 0.5 0.5 0.5 0.50
0.45
0.5
0.5
0.3333333333333333
0.3684210526315789
0.3333333333333333
0.7619047619047619
0.75
0.6
0.625
0.2222222222222222
0.2
1.0
0.0
0.4
0.5
0.6666666666666666
0.5
0.45
0.8
0.5
0.5
0.6
0.5882352941176471
0.3
0.5
0.0
0.5
0.666666666666666
0.0
0.631578947368421
0.55
0.5
0.6
0.55
0.25
0.625
0.6875
0.36363636363636365
0.4
0.5
1.0
0.4
1.0
0.6666666666666666
0.2
0.4
0.5
0.5
0.0
0.5714285714285714
0.6666666666666666
0.5
0.0
0.5
0.5
0.38095238095238093
0.75
0.2309523809523808
0.5
0.4
0.5
0.5
0.5
0.35
0.4454545454545453
0.4
0.1666666666666666
1.0
0.5
0.6 0.5 0.25 0.5 0.75 1.0 0.5 0.5 0.5 0.5 0.5 0.5 0.5 0.0,
0.5333333333333333,
0.5,
0.4,
0.4,
0.375,
0.42857142857142855
0.625
0.5
0.5
0.6470588235294118
0.2222222222222222
0.2
0.5
0.5
0.3684210526315789
0.5
0.375
0.4117647058823529
0.3125
0.3333333333333333
0.5454545454545454
0.5
0.35294117647058826
0.5
0.4
0.3333333333333333
0.5
0.5
0.45454545454545453
0.5
0.7777777777777778
0.7
0.6363636363636364
0.5
0.6
0.5
0.7777777777777778
0.6
0.5
0.25
12 0  12  11  0  6  11  1  10 11  4  2  1  2
4  2  8   2   4  0  5   0  4  4   0  0  0  1
8  3  5   10  9  5  0   2  6  10  4  1  1
0.0
0.5
1.0
0.5
0.8
0.5
0.6
1.0
0.8333333333333334
0.5
0.8
0.6666666666666666
0.75
0.5
0.0
0.5
1.0 0.5 0.0 1.0 0.5 0.5 0.0 0.5 0.5 0.5 1.0 1.0 0.5 0.5
1.0 0.5 1.0 0.5 0.0 0.5 0.5 1.0 0.5 0.5 0.5 0.5 0.5 0.5